      0/99    0.933G   0.09749   0.02993         0    0.1274        15       640  0.003968    0.6667   0.01675  0.002996   0.06517   0.02248         0
      1/99     6.16G   0.08232   0.02779         0    0.1101        16       640  0.004545    0.7619  0.003617 0.0004272   0.06385   0.02038         0
      2/99     7.08G   0.08017   0.02718         0    0.1074        19       640  0.002976       0.5  0.001663 0.0001745   0.06703    0.0188         0
      3/99     7.08G   0.07717   0.02586         0     0.103        22       640  0.004393    0.6667  0.004032 0.0004355   0.06563   0.01826         0
      4/99     7.08G   0.07507    0.0262         0    0.1013        21       640  0.009297    0.1429  0.004516 0.0005256    0.0653   0.01688         0
      5/99     7.08G   0.07213   0.02433         0   0.09645        22       640  0.007178    0.3333  0.005859 0.0007053   0.06283   0.01784         0
      6/99     7.08G   0.07357   0.02588         0   0.09945        18       640  0.003011    0.5238  0.001621   0.00018   0.06809   0.01647         0
      7/99     7.08G   0.07142   0.02441         0   0.09583        21       640  0.005145    0.7619  0.004482 0.0005261   0.06316   0.01705         0
      8/99     7.09G   0.07458   0.02502         0    0.0996        18       640  0.005057    0.7381  0.003872 0.0004725   0.06467   0.01668         0
      9/99     7.09G   0.07259   0.02436         0   0.09695        22       640   0.01375   0.07143  0.006385 0.0008159   0.06749   0.01477         0
     10/99     7.09G   0.07196   0.02437         0   0.09633        14       640  0.009288    0.1429    0.0071   0.00109   0.06951   0.01434         0
     11/99     7.09G   0.07355     0.025         0   0.09855        17       640   0.01813   0.04762  0.007113  0.001042   0.06744   0.01467         0
     12/99     7.09G   0.07395   0.02526         0   0.09921        19       640   0.01316     0.119  0.009146 0.0009719   0.06593   0.01472         0
     13/99     7.09G   0.07182   0.02497         0   0.09679        14       640  0.007347       0.5  0.005852 0.0006592   0.06498   0.01527         0
     14/99     7.09G   0.07273   0.02524         0   0.09797        22       640   0.00624    0.4048  0.005229 0.0006387   0.06425   0.01548         0
     15/99     7.09G   0.07126    0.0236         0   0.09486        20       640  0.006889    0.3333  0.008291 0.0009442   0.06137   0.01613         0
     16/99     7.09G   0.07125   0.02428         0   0.09553        23       640  0.007041    0.2381  0.008358 0.0009286   0.06111   0.01645         0
     17/99     7.09G   0.07131   0.02458         0   0.09589        17       640   0.01063    0.7381   0.01039  0.001292   0.06335   0.01552         0
     18/99     7.09G   0.06988   0.02335         0   0.09324        20       640   0.01986    0.3571     0.019  0.002723   0.06072   0.01654         0
     19/99     7.09G   0.07036   0.02575         0   0.09611        19       640   0.01225    0.2381    0.0106  0.001462   0.06126   0.01635         0
     20/99      7.1G   0.07062   0.02653         0   0.09715        22       640   0.01952    0.8571   0.02054  0.003921   0.05237   0.01718         0
     21/99      7.1G   0.06875   0.02392         0   0.09268        16       640   0.02469     0.619   0.02327  0.005073   0.04921   0.01887         0
     22/99      7.1G   0.06888   0.02563         0    0.0945        19       640   0.06804    0.1905   0.04517  0.007453   0.05037    0.0182         0
     23/99      7.1G   0.06956   0.02436         0   0.09392        22       640    0.2784    0.1905    0.1566   0.02215   0.05562   0.01958         0
     24/99      7.1G   0.06605   0.02384         0   0.08989        18       640    0.1558     0.615    0.1587   0.02418   0.03781    0.0198         0
     25/99      7.1G   0.06398   0.02375         0   0.08773        16       640    0.1759       0.5    0.1625    0.0294    0.0495   0.02163         0
     26/99      7.1G   0.06406   0.02451         0   0.08857        17       640    0.1716    0.3571    0.1325   0.02274   0.05261   0.02213         0
     27/99      7.1G   0.06356   0.02427         0   0.08783        19       640    0.1193    0.6667    0.1139   0.02462   0.03537   0.01812         0
     28/99      7.1G   0.06156    0.0252         0   0.08676        19       640   0.03127    0.7619   0.02986  0.005346   0.04697   0.02083         0
     29/99      7.1G   0.06177   0.02265         0   0.08442        20       640    0.3839    0.5476    0.3888   0.06472    0.0338   0.01848         0
     30/99      7.1G   0.05738   0.02357         0   0.08096        20       640   0.05522    0.7381    0.0539   0.01504   0.03661    0.0215         0
     31/99      7.1G   0.05681   0.02329         0    0.0801        17       640   0.03403    0.4762   0.02771  0.004349   0.05183   0.03125         0
     32/99      7.1G   0.05985   0.02215         0   0.08199        15       640    0.2398    0.5714     0.254   0.05169   0.03725   0.02085         0
     33/99      7.1G   0.05818   0.02441         0   0.08259        21       640   0.03988    0.5476   0.03584  0.006711   0.05276   0.02079         0
     34/99      7.1G   0.05823   0.02299         0   0.08123        17       640    0.1136    0.2381   0.08762   0.01707   0.03385   0.02031         0
     35/99      7.1G   0.05515   0.02205         0    0.0772        22       640    0.1514    0.7143    0.1543   0.03227   0.03759    0.0176         0
     36/99      7.1G   0.05602   0.02312         0   0.07914        20       640    0.5749    0.7084    0.6435    0.1833   0.03581   0.01962         0
     37/99      7.1G   0.05335    0.0222         0   0.07555        14       640    0.5474    0.5238     0.472   0.09546    0.0407   0.01758         0
     38/99      7.1G     0.057   0.02236         0   0.07936        20       640    0.3377    0.9048     0.371    0.1881   0.03413   0.01995         0
     39/99      7.1G   0.05625   0.02287         0   0.07912        21       640    0.1243     0.676    0.1108   0.02513   0.03538   0.02204         0
     40/99      7.1G   0.05451   0.02271         0   0.07723        21       640    0.1537    0.8095    0.1683   0.02774   0.03587   0.02438         0
     41/99      7.1G    0.0512   0.02213         0   0.07333        20       640    0.1674    0.6667    0.1434   0.02425    0.0392    0.0198         0
     42/99      7.1G   0.05286   0.02161         0   0.07447        21       640   0.02633    0.3571     0.023  0.004424   0.04207    0.0283         0
     43/99      7.1G   0.05055   0.02212         0   0.07268        15       640   0.01852    0.4286   0.01663  0.002425   0.06323   0.02215         0
     44/99      7.1G   0.05358   0.02177         0   0.07535        12       640   0.01552    0.7143   0.01396  0.002166   0.04782   0.02793         0
     45/99      7.1G    0.0512   0.02037         0   0.07157        11       640    0.8608    0.7381    0.8352    0.1925   0.03548   0.01522         0
     46/99      7.1G   0.04754   0.02194         0   0.06948        16       640    0.4806     0.639    0.6039    0.1244   0.03806   0.01544         0
     47/99      7.1G    0.0491   0.02148         0   0.07058        16       640    0.9461    0.8571     0.913     0.315   0.03682   0.01484         0
     48/99      7.1G   0.05113   0.02099         0   0.07212        22       640    0.7552    0.8095    0.8159    0.3176    0.0378   0.01333         0
     49/99      7.1G   0.04838   0.02232         0    0.0707        27       640    0.7542    0.8036    0.8421    0.3193   0.03474   0.01352         0
     50/99      7.1G   0.04991   0.02136         0   0.07128        17       640 0.0003401   0.09524 3.483e-05 4.892e-06   0.09378   0.02271         0
     51/99      7.1G   0.04865    0.0216         0   0.07025        20       640    0.6666    0.7142    0.6131    0.1299   0.03814   0.01488         0
     52/99      7.1G   0.05054    0.0211         0   0.07164        23       640    0.9736    0.8779    0.9426    0.4822   0.03573    0.0116         0
     53/99      7.1G   0.04709   0.02069         0   0.06778        19       640    0.4862    0.4524     0.326   0.05638   0.03606   0.01925         0
     54/99      7.1G   0.04726   0.02003         0   0.06729        21       640    0.9043    0.9002    0.9474    0.6168   0.03601   0.01161         0
     55/99      7.1G   0.04836   0.02012         0   0.06848        22       640    0.8795    0.9048    0.9483    0.5371   0.03276   0.01254         0
     56/99      7.1G   0.04706   0.01984         0    0.0669        27       640    0.8294    0.9286     0.898    0.4778   0.03252   0.01508         0
     57/99      7.1G   0.04572   0.02006         0   0.06578        17       640    0.9939    0.9762    0.9751    0.6767   0.03137   0.01078         0
     58/99      7.1G   0.04373   0.01861         0   0.06234        21       640    0.9522    0.9524    0.9696    0.6484   0.03301   0.01074         0
     59/99      7.1G   0.04697   0.01948         0   0.06645        19       640         1      0.95    0.9741    0.6414   0.03282   0.01042         0
     60/99      7.1G   0.04626   0.01937         0   0.06562        17       640    0.9761    0.9762    0.9717    0.6398   0.03081   0.01024         0
     61/99      7.1G    0.0448   0.01882         0   0.06362        19       640    0.9314    0.9762    0.9438    0.5267    0.0331   0.01016         0
     62/99      7.1G   0.04478   0.01858         0   0.06336        19       640     0.976    0.9762    0.9729     0.741   0.02985   0.00943         0
     63/99      7.1G   0.04348   0.01865         0   0.06213        21       640    0.9762     0.976    0.9655    0.6831   0.03033   0.01066         0
     64/99      7.1G   0.04294    0.0186         0   0.06153        19       640    0.9762    0.9761    0.9615     0.496   0.03136   0.01168         0
     65/99      7.1G   0.04225    0.0186         0   0.06085        16       640    0.9761    0.9762    0.9619    0.6324   0.03314  0.009914         0
     66/99      7.1G   0.04074   0.01903         0   0.05977        21       640    0.9535    0.9758    0.9646    0.6191   0.03041   0.01109         0
     67/99      7.1G   0.04309   0.01898         0   0.06207        20       640     0.857    0.7137    0.8043    0.2982   0.03411   0.01519         0
     68/99      7.1G   0.04196   0.01786         0   0.05982        19       640    0.9762    0.9761    0.9591    0.7446   0.02479   0.00922         0
     69/99      7.1G   0.04343   0.01853         0   0.06196        19       640    0.9755    0.9524    0.9608    0.6642   0.02464  0.009846         0
     70/99      7.1G   0.04025   0.01779         0   0.05804        21       640    0.9762    0.9761    0.9598    0.6137   0.02454   0.01001         0
     71/99      7.1G   0.04233   0.01798         0   0.06031        21       640    0.9761    0.9762    0.9582    0.6186   0.02724  0.009385         0
     72/99      7.1G   0.04284   0.01771         0   0.06055        15       640    0.9762    0.9759     0.962    0.6067   0.02671  0.009207         0
     73/99      7.1G   0.04096   0.01759         0   0.05855        13       640    0.9762    0.9762    0.9615    0.7587   0.02701  0.008968         0
     74/99      7.1G   0.03985   0.01724         0   0.05709        21       640    0.9762    0.9761    0.9648    0.7059    0.0278  0.009051         0
     75/99      7.1G   0.03774   0.01661         0   0.05435        18       640    0.9761    0.9762     0.961    0.7115    0.0258  0.009239         0
     76/99      7.1G   0.04006   0.01771         0   0.05777        15       640    0.9761    0.9762     0.961    0.7429   0.02812  0.009276         0
     77/99      7.1G   0.03926   0.01753         0   0.05679        17       640    0.9759    0.9762    0.9689    0.7343   0.02909  0.009292         0
     78/99      7.1G   0.03839   0.01742         0   0.05581        16       640    0.9762    0.9761    0.9656    0.6997   0.02867  0.009016         0
     79/99      7.1G   0.03963   0.01673         0   0.05637        17       640    0.9762    0.9762     0.966    0.7681   0.02856  0.008472         0
     80/99      7.1G   0.03773   0.01734         0   0.05508        26       640    0.9762    0.9762    0.9627     0.769   0.02861  0.008156         0
     81/99      7.1G   0.03595    0.0166         0   0.05254        16       640    0.9761    0.9762    0.9717    0.7758   0.02665  0.008154         0
     82/99      7.1G   0.03719   0.01714         0   0.05432        26       640    0.9762    0.9762    0.9627    0.7772   0.02634  0.007885         0
     83/99      7.1G   0.03838   0.01679         0   0.05517        19       640    0.9762    0.9762    0.9661     0.662   0.02926  0.008773         0
     84/99      7.1G   0.03748   0.01732         0   0.05481        16       640    0.9761    0.9762    0.9739     0.702   0.02595  0.007638         0
     85/99      7.1G    0.0364   0.01712         0   0.05352        19       640    0.9535    0.9759    0.9724     0.767    0.0258  0.008119         0
     86/99      7.1G   0.03758   0.01612         0    0.0537        19       640     0.975    0.9524    0.9696    0.6788    0.0268   0.00947         0
     87/99      7.1G   0.03651   0.01675         0   0.05326        21       640    0.9762    0.9762    0.9701    0.7798   0.02758   0.00774         0
     88/99      7.1G   0.03581   0.01587         0   0.05167        16       640    0.9762    0.9762    0.9684    0.7359    0.0258  0.007776         0
     89/99      7.1G   0.03651    0.0164         0   0.05291        16       640    0.9762    0.9762    0.9694    0.7524   0.02725  0.007599         0
     90/99      7.1G   0.03416   0.01599         0   0.05016        21       640    0.9761    0.9762    0.9677     0.769   0.02498     0.007         0
     91/99      7.1G   0.03682    0.0167         0   0.05351        20       640    0.9535    0.9762    0.9596    0.7381   0.02668  0.007073         0
     92/99      7.1G   0.03425   0.01602         0   0.05027        16       640    0.9761    0.9762    0.9723    0.7083    0.0292  0.007441         0
     93/99      7.1G   0.03402   0.01539         0   0.04941        13       640    0.9762    0.9762    0.9746    0.7751   0.02622  0.007008         0
     94/99      7.1G   0.03551   0.01541         0   0.05093        23       640    0.9521    0.9524    0.9561     0.634   0.02726   0.01113         0
     95/99      7.1G   0.03507   0.01595         0   0.05102        20       640    0.9762    0.9762    0.9706    0.7789   0.02517   0.00677         0
     96/99      7.1G    0.0349   0.01533         0   0.05023        18       640         1    0.9761    0.9751    0.7511   0.02834  0.007215         0
     97/99      7.1G   0.03455   0.01632         0   0.05087        17       640    0.9762    0.9762    0.9747    0.7636   0.02658   0.00688         0
     98/99      7.1G   0.03553   0.01652         0   0.05205        20       640    0.9762    0.9762    0.9694    0.7391   0.02458  0.006964         0
     99/99      7.1G   0.03573   0.01558         0    0.0513        25       640    0.9762    0.9762    0.9661    0.7274   0.02851  0.007426         0
